m        long      lat group order region subregion
1     -94.49792 33.66700     1     1  texas      <NA>
2     -94.48074 33.65554     1     2  texas      <NA>
3     -94.47501 33.63262     1     3  texas      <NA>
4     -94.46355 33.61544     1     4  texas      <NA>
5     -94.45209 33.59824     1     5  texas      <NA>
6     -94.42345 33.59824     1     6  texas      <NA>
7     -94.40625 33.57533     1     7  texas      <NA>
8     -94.40053 33.56960     1     8  texas      <NA>
9     -94.36615 33.57533     1     9  texas      <NA>
10    -94.30885 33.56960     1    10  texas      <NA>
11    -94.29739 33.57533     1    11  texas      <NA>
12    -94.28020 33.58678     1    12  texas      <NA>
13    -94.26302 33.58678     1    13  texas      <NA>
14    -94.24010 33.57533     1    14  texas      <NA>
15    -94.22864 33.59824     1    15  texas      <NA>
16    -94.22291 33.60970     1    16  texas      <NA>
17    -94.20572 33.61544     1    17  texas      <NA>
18    -94.18854 33.60970     1    18  texas      <NA>
19    -94.15416 33.58678     1    19  texas      <NA>
20    -94.14843 33.58678     1    20  texas      <NA>
21    -94.11977 33.59252     1    21  texas      <NA>
22    -94.09113 33.59824     1    22  texas      <NA>
23    -94.07967 33.58678     1    23  texas      <NA>
24    -94.05676 33.57533     1    24  texas      <NA>
25    -94.05103 33.30031     1    25  texas      <NA>
26    -94.05103 33.03675     1    26  texas      <NA>
27    -94.05103 32.89923     1    27  texas      <NA>
28    -94.05103 32.71016     1    28  texas      <NA>
29    -94.05103 32.40649     1    29  texas      <NA>
30    -94.05103 32.21169     1    30  texas      <NA>
31    -94.05676 32.01688     1    31  texas      <NA>
32    -94.01092 31.98824     1    32  texas      <NA>
33    -93.95935 31.93667     1    33  texas      <NA>
34    -93.90778 31.89083     1    34  texas      <NA>
35    -93.87341 31.85645     1    35  texas      <NA>
36    -93.87341 31.82780     1    36  texas      <NA>
37    -93.84476 31.80489     1    37  texas      <NA>
38    -93.83330 31.78770     1    38  texas      <NA>
39    -93.83330 31.75905     1    39  texas      <NA>
40    -93.81611 31.73040     1    40  texas      <NA>
41    -93.79892 31.71321     1    41  texas      <NA>
42    -93.81038 31.69603     1    42  texas      <NA>
43    -93.82757 31.68456     1    43  texas      <NA>
44    -93.83903 31.67311     1    44  texas      <NA>
45    -93.83903 31.65019     1    45  texas      <NA>
46    -93.82184 31.63873     1    46  texas      <NA>
47    -93.82757 31.62727     1    47  texas      <NA>
48    -93.83903 31.61581     1    48  texas      <NA>
49    -93.84476 31.59862     1    49  texas      <NA>
50    -93.82184 31.58143     1    50  texas      <NA>
51    -93.79892 31.54132     1    51  texas      <NA>
52    -93.77600 31.52987     1    52  texas      <NA>
53    -93.74735 31.52987     1    53  texas      <NA>
54    -93.73016 31.51841     1    54  texas      <NA>
55    -93.74163 31.50695     1    55  texas      <NA>
56    -93.75308 31.47830     1    56  texas      <NA>
57    -93.71870 31.46111     1    57  texas      <NA>
58    -93.70152 31.42101     1    58  texas      <NA>
59    -93.66141 31.38090     1    59  texas      <NA>
60    -93.66714 31.36944     1    60  texas      <NA>
61    -93.68433 31.34079     1    61  texas      <NA>
62    -93.70152 31.32360     1    62  texas      <NA>
63    -93.69579 31.31215     1    63  texas      <NA>
64    -93.67860 31.30068     1    64  texas      <NA>
65    -93.64996 31.28923     1    65  texas      <NA>
66    -93.62703 31.26631     1    66  texas      <NA>
67    -93.60985 31.24339     1    67  texas      <NA>
68    -93.60985 31.22047     1    68  texas      <NA>
69    -93.57547 31.19755     1    69  texas      <NA>
70    -93.54681 31.20328     1    70  texas      <NA>
71    -93.55255 31.14599     1    71  texas      <NA>
72    -93.56401 31.10588     1    72  texas      <NA>
73    -93.54681 31.06577     1    73  texas      <NA>
74    -93.53536 31.04858     1    74  texas      <NA>
75    -93.54681 31.02566     1    75  texas      <NA>
76    -93.56401 31.01421     1    76  texas      <NA>
77    -93.58119 30.99702     1    77  texas      <NA>
78    -93.56974 30.97983     1    78  texas      <NA>
79    -93.55828 30.96837     1    79  texas      <NA>
80    -93.54681 30.95118     1    80  texas      <NA>
81    -93.54681 30.93399     1    81  texas      <NA>
82    -93.56401 30.91680     1    82  texas      <NA>
83    -93.57547 30.89962     1    83  texas      <NA>
84    -93.56401 30.88242     1    84  texas      <NA>
85    -93.57547 30.85378     1    85  texas      <NA>
86    -93.58119 30.83659     1    86  texas      <NA>
87    -93.59839 30.80794     1    87  texas      <NA>
88    -93.64996 30.72773     1    88  texas      <NA>
89    -93.66714 30.68762     1    89  texas      <NA>
90    -93.70152 30.65324     1    90  texas      <NA>
91    -93.70152 30.63033     1    91  texas      <NA>
92    -93.70152 30.61314     1    92  texas      <NA>
93    -93.71870 30.60168     1    93  texas      <NA>
94    -93.73016 30.58449     1    94  texas      <NA>
95    -93.74163 30.54438     1    95  texas      <NA>
96    -93.73016 30.50427     1    96  texas      <NA>
97    -93.71870 30.45844     1    97  texas      <NA>
98    -93.73016 30.44125     1    98  texas      <NA>
99    -93.73016 30.41833     1    99  texas      <NA>
100   -93.75308 30.40114     1   100  texas      <NA>
101   -93.75881 30.33239     1   101  texas      <NA>
102   -93.74735 30.32093     1   102  texas      <NA>
103   -93.71297 30.28082     1   103  texas      <NA>
104   -93.67860 30.24644     1   104  texas      <NA>
105   -93.69006 30.22352     1   105  texas      <NA>
106   -93.68433 30.20061     1   106  texas      <NA>
107   -93.70152 30.13758     1   107  texas      <NA>
108   -93.72443 30.09174     1   108  texas      <NA>
109   -93.71297 30.06882     1   109  texas      <NA>
110   -93.74163 30.04018     1   110  texas      <NA>
111   -93.76454 30.01726     1   111  texas      <NA>
112   -93.79892 29.97715     1   112  texas      <NA>
113   -93.80465 29.95996     1   113  texas      <NA>
114   -93.83330 29.92559     1   114  texas      <NA>
115   -93.86195 29.87975     1   115  texas      <NA>
116   -93.90778 29.85110     1   116  texas      <NA>
117   -93.93070 29.82245     1   117  texas      <NA>
118   -93.93070 29.79953     1   118  texas      <NA>
119   -93.90778 29.77662     1   119  texas      <NA>
120   -93.88486 29.77662     1   120  texas      <NA>
121   -93.84476 29.73651     1   121  texas      <NA>
122   -93.87341 29.73651     1   122  texas      <NA>
123   -94.03956 29.70786     1   123  texas      <NA>
124   -94.06821 29.70786     1   124  texas      <NA>
125   -94.32031 29.61046     1   125  texas      <NA>
126   -94.36042 29.59327     1   126  texas      <NA>
127   -94.38334 29.58754     1   127  texas      <NA>
128   -94.42918 29.57608     1   128  texas      <NA>
129   -94.47501 29.55889     1   129  texas      <NA>
130   -94.53230 29.53597     1   130  texas      <NA>
131   -94.61252 29.50160     1   131  texas      <NA>
132   -94.68127 29.46149     1   132  texas      <NA>
133   -94.72138 29.42138     1   133  texas      <NA>
134   -94.75003 29.40992     1   134  texas      <NA>
135   -94.76722 29.39847     1   135  texas      <NA>
136   -94.78441 29.40992     1   136  texas      <NA>
137   -94.78441 29.42138     1   137  texas      <NA>
138   -94.76722 29.44430     1   138  texas      <NA>
139   -94.71565 29.47295     1   139  texas      <NA>
140   -94.68127 29.51306     1   140  texas      <NA>
141   -94.65263 29.51306     1   141  texas      <NA>
142   -94.63544 29.52451     1   142  texas      <NA>
143   -94.61252 29.54743     1   143  texas      <NA>
144   -94.59534 29.55889     1   144  texas      <NA>
145   -94.54950 29.55889     1   145  texas      <NA>
146   -94.52657 29.56462     1   146  texas      <NA>
147   -94.53803 29.59327     1   147  texas      <NA>
148   -94.56669 29.60473     1   148  texas      <NA>
149   -94.61252 29.58754     1   149  texas      <NA>
150   -94.68701 29.57608     1   150  texas      <NA>
151   -94.75576 29.55889     1   151  texas      <NA>
152   -94.77868 29.55889     1   152  texas      <NA>
153   -94.79014 29.57035     1   153  texas      <NA>
154   -94.78441 29.58754     1   154  texas      <NA>
155   -94.76722 29.62192     1   155  texas      <NA>
156   -94.73284 29.67921     1   156  texas      <NA>
157   -94.70992 29.78235     1   157  texas      <NA>
158   -94.69273 29.82245     1   158  texas      <NA>
159   -94.69846 29.83964     1   159  texas      <NA>
160   -94.70992 29.84537     1   160  texas      <NA>
161   -94.73857 29.81672     1   161  texas      <NA>
162   -94.79014 29.79953     1   162  texas      <NA>
163   -94.84743 29.76516     1   163  texas      <NA>
164   -94.88181 29.72505     1   164  texas      <NA>
165   -94.91046 29.69067     1   165  texas      <NA>
166   -94.92765 29.69067     1   166  texas      <NA>
167   -94.96776 29.71932     1   167  texas      <NA>
168   -94.99640 29.74224     1   168  texas      <NA>
169   -95.01933 29.74797     1   169  texas      <NA>
170   -95.00214 29.75370     1   170  texas      <NA>
171   -95.03078 29.74224     1   171  texas      <NA>
172   -95.03651 29.73078     1   172  texas      <NA>
173   -95.01360 29.70786     1   173  texas      <NA>
174   -95.01360 29.69640     1   174  texas      <NA>
175   -95.02505 29.66775     1   175  texas      <NA>
176   -95.00214 29.65056     1   176  texas      <NA>
177   -94.99067 29.62765     1   177  texas      <NA>
178   -95.00787 29.59327     1   178  texas      <NA>
179   -95.01933 29.58181     1   179  texas      <NA>
180   -95.01933 29.55889     1   180  texas      <NA>
181   -95.00214 29.54743     1   181  texas      <NA>
182   -94.96776 29.53597     1   182  texas      <NA>
183   -94.93338 29.52451     1   183  texas      <NA>
184   -94.93338 29.50733     1   184  texas      <NA>
185   -94.96203 29.49014     1   185  texas      <NA>
186   -94.96203 29.47295     1   186  texas      <NA>
187   -94.92192 29.46722     1   187  texas      <NA>
188   -94.91046 29.43284     1   188  texas      <NA>
189   -94.91046 29.39274     1   189  texas      <NA>
190   -94.91619 29.35263     1   190  texas      <NA>
191   -94.92765 29.33544     1   191  texas      <NA>
192   -94.95630 29.34117     1   192  texas      <NA>
193   -94.97349 29.34690     1   193  texas      <NA>
194   -95.04797 29.26095     1   194  texas      <NA>
195   -95.07661 29.22658     1   195  texas      <NA>
196   -95.12245 29.21512     1   196  texas      <NA>
197   -95.13965 29.22085     1   197  texas      <NA>
198   -95.15683 29.23804     1   198  texas      <NA>
199   -95.17402 29.23231     1   199  texas      <NA>
200   -95.17402 29.19793     1   200  texas      <NA>
201   -95.17975 29.16355     1   201  texas      <NA>
202   -95.20840 29.15209     1   202  texas      <NA>
203   -95.23132 29.12918     1   203  texas      <NA>
204   -95.23132 29.10626     1   204  texas      <NA>
205   -95.21413 29.09480     1   205  texas      <NA>
206   -95.16829 29.11198     1   206  texas      <NA>
207   -95.16256 29.10053     1   207  texas      <NA>
208   -95.20267 29.04323     1   208  texas      <NA>
209   -95.29434 28.98594     1   209  texas      <NA>
210   -95.35736 28.94583     1   210  texas      <NA>
211   -95.40320 28.92291     1   211  texas      <NA>
212   -95.55218 28.84270     1   212  texas      <NA>
213   -95.64384 28.78540     1   213  texas      <NA>
214   -95.74698 28.72810     1   214  texas      <NA>
215   -95.87876 28.66508     1   215  texas      <NA>
216   -96.00481 28.61924     1   216  texas      <NA>
217   -96.12513 28.55622     1   217  texas      <NA>
218   -96.27983 28.47600     1   218  texas      <NA>
219   -96.33712 28.43017     1   219  texas      <NA>
220   -96.36578 28.41298     1   220  texas      <NA>
221   -96.38296 28.43017     1   221  texas      <NA>
222   -96.37724 28.43590     1   222  texas      <NA>
223   -96.35431 28.47600     1   223  texas      <NA>
224   -96.30847 28.48173     1   224  texas      <NA>
225   -96.23972 28.52757     1   225  texas      <NA>
226   -96.11367 28.58486     1   226  texas      <NA>
227   -96.05637 28.61351     1   227  texas      <NA>
228   -96.01627 28.64216     1   228  texas      <NA>
229   -95.99335 28.66508     1   229  texas      <NA>
230   -95.90167 28.68227     1   230  texas      <NA>
231   -95.78136 28.74529     1   231  texas      <NA>
232   -95.75844 28.76248     1   232  texas      <NA>
233   -95.75844 28.78540     1   233  texas      <NA>
234   -95.78136 28.78540     1   234  texas      <NA>
235   -95.81573 28.78540     1   235  texas      <NA>
236   -95.86156 28.75675     1   236  texas      <NA>
237   -95.91887 28.74529     1   237  texas      <NA>
238   -95.99335 28.71091     1   238  texas      <NA>
239   -96.13086 28.63643     1   239  texas      <NA>
240   -96.18243 28.61924     1   240  texas      <NA>
241   -96.23399 28.59060     1   241  texas      <NA>
242   -96.25690 28.61351     1   242  texas      <NA>
243   -96.25690 28.63070     1   243  texas      <NA>
244   -96.19389 28.63070     1   244  texas      <NA>
245   -96.18816 28.64216     1   245  texas      <NA>
246   -96.19962 28.65362     1   246  texas      <NA>
247   -96.23972 28.64789     1   247  texas      <NA>
248   -96.23972 28.66508     1   248  texas      <NA>
249   -96.21107 28.74529     1   249  texas      <NA>
250   -96.21107 28.76821     1   250  texas      <NA>
251   -96.22253 28.76821     1   251  texas      <NA>
252   -96.24545 28.72237     1   252  texas      <NA>
253   -96.27410 28.69945     1   253  texas      <NA>
254   -96.27983 28.72810     1   254  texas      <NA>
255   -96.28556 28.74529     1   255  texas      <NA>
256   -96.29701 28.71665     1   256  texas      <NA>
257   -96.31994 28.67081     1   257  texas      <NA>
258   -96.36004 28.65362     1   258  texas      <NA>
259   -96.38296 28.67081     1   259  texas      <NA>
260   -96.40588 28.71091     1   260  texas      <NA>
261   -96.41161 28.74529     1   261  texas      <NA>
262   -96.44025 28.72810     1   262  texas      <NA>
263   -96.44025 28.69945     1   263  texas      <NA>
264   -96.40015 28.63070     1   264  texas      <NA>
265   -96.45171 28.60778     1   265  texas      <NA>
266   -96.48609 28.58486     1   266  texas      <NA>
267   -96.50328 28.59632     1   267  texas      <NA>
268   -96.48609 28.60778     1   268  texas      <NA>
269   -96.46317 28.62497     1   269  texas      <NA>
270   -96.47463 28.67081     1   270  texas      <NA>
271   -96.49182 28.63070     1   271  texas      <NA>
272   -96.51474 28.63070     1   272  texas      <NA>
273   -96.52620 28.65362     1   273  texas      <NA>
274   -96.54339 28.68800     1   274  texas      <NA>
275   -96.58350 28.67081     1   275  texas      <NA>
276   -96.59496 28.71091     1   276  texas      <NA>
277   -96.61214 28.72810     1   277  texas      <NA>
278   -96.65225 28.72237     1   278  texas      <NA>
279   -96.66943 28.72810     1   279  texas      <NA>
280   -96.65798 28.68800     1   280  texas      <NA>
281   -96.64079 28.63643     1   281  texas      <NA>
282   -96.65798 28.60778     1   282  texas      <NA>
283   -96.65798 28.59060     1   283  texas      <NA>
284   -96.64079 28.59060     1   284  texas      <NA>
285   -96.60069 28.59632     1   285  texas      <NA>
286   -96.57777 28.60205     1   286  texas      <NA>
287   -96.52620 28.56768     1   287  texas      <NA>
288   -96.51474 28.55049     1   288  texas      <NA>
289   -96.55485 28.53330     1   289  texas      <NA>
290   -96.58350 28.51038     1   290  texas      <NA>
291   -96.58923 28.49319     1   291  texas      <NA>
292   -96.55485 28.49319     1   292  texas      <NA>
293   -96.51474 28.51038     1   293  texas      <NA>
294   -96.46890 28.51611     1   294  texas      <NA>
295   -96.43452 28.46454     1   295  texas      <NA>
296   -96.47463 28.44163     1   296  texas      <NA>
297   -96.49755 28.42444     1   297  texas      <NA>
298   -96.51474 28.43017     1   298  texas      <NA>
299   -96.53766 28.40725     1   299  texas      <NA>
300   -96.61787 28.36714     1   300  texas      <NA>
301   -96.65225 28.34995     1   301  texas      <NA>
302   -96.68663 28.33849     1   302  texas      <NA>
303   -96.69809 28.34422     1   303  texas      <NA>
304   -96.71527 28.36141     1   304  texas      <NA>
305   -96.72674 28.42444     1   305  texas      <NA>
306   -96.73820 28.43590     1   306  texas      <NA>
307   -96.77258 28.44735     1   307  texas      <NA>
308   -96.79549 28.47600     1   308  texas      <NA>
309   -96.80122 28.49892     1   309  texas      <NA>
310   -96.82414 28.50465     1   310  texas      <NA>
311   -96.83559 28.49319     1   311  texas      <NA>
312   -96.82987 28.47027     1   312  texas      <NA>
313   -96.80122 28.44735     1   313  texas      <NA>
314   -96.79549 28.42444     1   314  texas      <NA>
315   -96.79549 28.40725     1   315  texas      <NA>
316   -96.81268 28.40725     1   316  texas      <NA>
317   -96.83559 28.43017     1   317  texas      <NA>
318   -96.85851 28.43590     1   318  texas      <NA>
319   -96.86998 28.41871     1   319  texas      <NA>
320   -96.85278 28.40152     1   320  texas      <NA>
321   -96.82987 28.37287     1   321  texas      <NA>
322   -96.80695 28.34422     1   322  texas      <NA>
323   -96.80122 28.31557     1   323  texas      <NA>
324   -96.81268 28.28693     1   324  texas      <NA>
325   -96.80695 28.25828     1   325  texas      <NA>
326   -96.82414 28.21817     1   326  texas      <NA>
327   -96.87570 28.19525     1   327  texas      <NA>
328   -96.91009 28.16660     1   328  texas      <NA>
329   -96.94446 28.14942     1   329  texas      <NA>
330   -96.94446 28.18379     1   330  texas      <NA>
331   -96.92727 28.24109     1   331  texas      <NA>
332   -96.92154 28.26974     1   332  texas      <NA>
333   -96.94446 28.27547     1   333  texas      <NA>
334   -96.99030 28.25255     1   334  texas      <NA>
335   -96.98457 28.23536     1   335  texas      <NA>
336   -96.97311 28.21817     1   336  texas      <NA>
337   -96.96165 28.19525     1   337  texas      <NA>
338   -96.97311 28.17233     1   338  texas      <NA>
339   -97.00175 28.15515     1   339  texas      <NA>
340   -97.03613 28.15515     1   340  texas      <NA>
341   -97.04186 28.17233     1   341  texas      <NA>
342   -97.03613 28.20098     1   342  texas      <NA>
343   -97.05905 28.21817     1   343  texas      <NA>
344   -97.07624 28.20671     1   344  texas      <NA>
345   -97.11062 28.18952     1   345  texas      <NA>
346   -97.12207 28.17233     1   346  texas      <NA>
347   -97.14500 28.16660     1   347  texas      <NA>
348   -97.16218 28.18379     1   348  texas      <NA>
349   -97.19083 28.18952     1   349  texas      <NA>
350   -97.21375 28.18379     1   350  texas      <NA>
351   -97.19083 28.16088     1   351  texas      <NA>
352   -97.19083 28.14942     1   352  texas      <NA>
353   -97.20229 28.12650     1   353  texas      <NA>
354   -97.24812 28.09785     1   354  texas      <NA>
355   -97.26531 28.09785     1   355  texas      <NA>
356   -97.25385 28.07493     1   356  texas      <NA>
357   -97.13927 27.89158     1   357  texas      <NA>
358   -97.19656 27.85721     1   358  texas      <NA>
359   -97.23094 27.84002     1   359  texas      <NA>
360   -97.24812 27.84002     1   360  texas      <NA>
361   -97.27105 27.86867     1   361  texas      <NA>
362   -97.29396 27.88013     1   362  texas      <NA>
363   -97.31689 27.88013     1   363  texas      <NA>
364   -97.35699 27.87440     1   364  texas      <NA>
365   -97.39137 27.89158     1   365  texas      <NA>
366   -97.40855 27.89732     1   366  texas      <NA>
367   -97.48877 27.88013     1   367  texas      <NA>
368   -97.51169 27.89732     1   368  texas      <NA>
369   -97.54034 27.89732     1   369  texas      <NA>
370   -97.56898 27.89158     1   370  texas      <NA>
371   -97.54607 27.86294     1   371  texas      <NA>
372   -97.51742 27.84575     1   372  texas      <NA>
373   -97.47158 27.83429     1   373  texas      <NA>
374   -97.44293 27.83429     1   374  texas      <NA>
375   -97.42001 27.85148     1   375  texas      <NA>
376   -97.40282 27.82856     1   376  texas      <NA>
377   -97.40855 27.81710     1   377  texas      <NA>
378   -97.41428 27.78845     1   378  texas      <NA>
379   -97.41428 27.75980     1   379  texas      <NA>
380   -97.38564 27.73689     1   380  texas      <NA>
381   -97.36272 27.71397     1   381  texas      <NA>
382   -97.36272 27.70251     1   382  texas      <NA>
383   -97.38564 27.67959     1   383  texas      <NA>
384   -97.39709 27.65667     1   384  texas      <NA>
385   -97.38564 27.64521     1   385  texas      <NA>
386   -97.36845 27.65667     1   386  texas      <NA>
387   -97.32834 27.69678     1   387  texas      <NA>
388   -97.31115 27.70824     1   388  texas      <NA>
389   -97.29969 27.69105     1   389  texas      <NA>
390   -97.29396 27.66813     1   390  texas      <NA>
391   -97.32262 27.63375     1   391  texas      <NA>
392   -97.34553 27.55927     1   392  texas      <NA>
393   -97.37418 27.47333     1   393  texas      <NA>
394   -97.40282 27.43895     1   394  texas      <NA>
395   -97.42574 27.37593     1   395  texas      <NA>
396   -97.46585 27.32436     1   396  texas      <NA>
397   -97.48877 27.31290     1   397  texas      <NA>
398   -97.51742 27.28998     1   398  texas      <NA>
399   -97.55180 27.29571     1   399  texas      <NA>
400   -97.56898 27.31290     1   400  texas      <NA>
401   -97.54034 27.31863     1   401  texas      <NA>
402   -97.51742 27.34155     1   402  texas      <NA>
403   -97.51169 27.37593     1   403  texas      <NA>
404   -97.51169 27.42176     1   404  texas      <NA>
405   -97.52888 27.42749     1   405  texas      <NA>
406   -97.54034 27.42176     1   406  texas      <NA>
407   -97.53460 27.39311     1   407  texas      <NA>
408   -97.55753 27.36447     1   408  texas      <NA>
409   -97.57471 27.34155     1   409  texas      <NA>
410   -97.62054 27.34155     1   410  texas      <NA>
411   -97.63201 27.33582     1   411  texas      <NA>
412   -97.61481 27.30717     1   412  texas      <NA>
413   -97.63201 27.30144     1   413  texas      <NA>
414   -97.65492 27.30717     1   414  texas      <NA>
415   -97.66638 27.34155     1   415  texas      <NA>
416   -97.70076 27.35873     1   416  texas      <NA>
417   -97.72369 27.39311     1   417  texas      <NA>
418   -97.78098 27.46187     1   418  texas      <NA>
419   -97.79816 27.46760     1   419  texas      <NA>
420   -97.80389 27.45614     1   420  texas      <NA>
421   -97.76379 27.41603     1   421  texas      <NA>
422   -97.76379 27.39311     1   422  texas      <NA>
423   -97.73515 27.36447     1   423  texas      <NA>
424   -97.73515 27.34155     1   424  texas      <NA>
425   -97.70649 27.31863     1   425  texas      <NA>
426   -97.69504 27.30144     1   426  texas      <NA>
427   -97.70649 27.28998     1   427  texas      <NA>
428   -97.75806 27.27852     1   428  texas      <NA>
429   -97.75806 27.26706     1   429  texas      <NA>
430   -97.72369 27.24987     1   430  texas      <NA>
431   -97.68931 27.24414     1   431  texas      <NA>
432   -97.64920 27.24987     1   432  texas      <NA>
433   -97.61481 27.25560     1   433  texas      <NA>
434   -97.59190 27.24987     1   434  texas      <NA>
435   -97.56326 27.23269     1   435  texas      <NA>
436   -97.53460 27.24414     1   436  texas      <NA>
437   -97.50596 27.25560     1   437  texas      <NA>
438   -97.47731 27.26706     1   438  texas      <NA>
439   -97.45439 27.25560     1   439  texas      <NA>
440   -97.45439 27.19831     1   440  texas      <NA>
441   -97.45439 27.15247     1   441  texas      <NA>
442   -97.47158 27.12955     1   442  texas      <NA>
443   -97.49450 27.11809     1   443  texas      <NA>
444   -97.50596 27.09517     1   444  texas      <NA>
445   -97.49450 27.06653     1   445  texas      <NA>
446   -97.48877 27.04934     1   446  texas      <NA>
447   -97.50023 27.02642     1   447  texas      <NA>
448   -97.54607 27.00923     1   448  texas      <NA>
449   -97.55753 26.99204     1   449  texas      <NA>
450   -97.56898 26.96912     1   450  texas      <NA>
451   -97.55753 26.92902     1   451  texas      <NA>
452   -97.56898 26.90037     1   452  texas      <NA>
453   -97.56898 26.85453     1   453  texas      <NA>
454   -97.54034 26.83734     1   454  texas      <NA>
455   -97.51169 26.80869     1   455  texas      <NA>
456   -97.49450 26.76286     1   456  texas      <NA>
457   -97.46585 26.65400     1   457  texas      <NA>
458   -97.45439 26.60816     1   458  texas      <NA>
459   -97.44293 26.55087     1   459  texas      <NA>
460   -97.45439 26.52795     1   460  texas      <NA>
461   -97.47158 26.48784     1   461  texas      <NA>
462   -97.45439 26.41908     1   462  texas      <NA>
463   -97.42001 26.41335     1   463  texas      <NA>
464   -97.39137 26.39044     1   464  texas      <NA>
465   -97.37418 26.36179     1   465  texas      <NA>
466   -97.37418 26.30449     1   466  texas      <NA>
467   -97.36272 26.28730     1   467  texas      <NA>
468   -97.33980 26.29876     1   468  texas      <NA>
469   -97.32262 26.28730     1   469  texas      <NA>
470   -97.33407 26.27011     1   470  texas      <NA>
471   -97.34553 26.23001     1   471  texas      <NA>
472   -97.30542 26.21282     1   472  texas      <NA>
473   -97.31689 26.16698     1   473  texas      <NA>
474   -97.31689 26.14406     1   474  texas      <NA>
475   -97.31115 26.12115     1   475  texas      <NA>
476   -97.28251 26.10396     1   476  texas      <NA>
477   -97.25385 26.11542     1   477  texas      <NA>
478   -97.23094 26.12115     1   478  texas      <NA>
479   -97.21375 26.10396     1   479  texas      <NA>
480   -97.22521 26.08677     1   480  texas      <NA>
481   -97.25385 26.06958     1   481  texas      <NA>
482   -97.26531 26.04093     1   482  texas      <NA>
483   -97.25385 26.00082     1   483  texas      <NA>
484   -97.21947 26.01228     1   484  texas      <NA>
485   -97.22521 26.02947     1   485  texas      <NA>
486   -97.20802 26.04093     1   486  texas      <NA>
487   -97.17937 26.01228     1   487  texas      <NA>
488   -97.18510 26.06385     1   488  texas      <NA>
489   -97.17937 26.08104     1   489  texas      <NA>
490   -97.15646 26.08104     1   490  texas      <NA>
491   -97.15073 26.05812     1   491  texas      <NA>
492   -97.16791 25.96645     1   492  texas      <NA>
493   -97.27105 25.96645     1   493  texas      <NA>
494   -97.29396 25.96072     1   494  texas      <NA>
495   -97.29396 25.94353     1   495  texas      <NA>
496   -97.29969 25.93780     1   496  texas      <NA>
497   -97.33407 25.93780     1   497  texas      <NA>
498   -97.36272 25.93780     1   498  texas      <NA>
499   -97.37418 25.93780     1   499  texas      <NA>
500   -97.36845 25.93780     1   500  texas      <NA>
501   -97.37418 25.93780     1   501  texas      <NA>
502   -97.39709 25.93780     1   502  texas      <NA>
503   -97.41428 25.93780     1   503  texas      <NA>
504   -97.42574 25.93780     1   504  texas      <NA>
505   -97.44866 25.93780     1   505  texas      <NA>
506   -97.47731 25.93780     1   506  texas      <NA>
507   -97.49450 25.93780     1   507  texas      <NA>
508   -97.52315 25.93780     1   508  texas      <NA>
509   -97.61481 25.97791     1   509  texas      <NA>
510   -97.64920 26.03520     1   510  texas      <NA>
511   -97.67785 26.04093     1   511  texas      <NA>
512   -97.70649 26.03520     1   512  texas      <NA>
513   -97.73515 26.03520     1   513  texas      <NA>
514   -97.76952 26.04666     1   514  texas      <NA>
515   -97.79243 26.04093     1   515  texas      <NA>
516   -97.80962 26.06385     1   516  texas      <NA>
517   -97.82681 26.05239     1   517  texas      <NA>
518   -97.84400 26.06958     1   518  texas      <NA>
519   -97.86692 26.06958     1   519  texas      <NA>
520   -97.95860 26.06958     1   520  texas      <NA>
521   -97.98151 26.05812     1   521  texas      <NA>
522   -97.99297 26.06958     1   522  texas      <NA>
523   -98.01589 26.06958     1   523  texas      <NA>
524   -98.05600 26.05239     1   524  texas      <NA>
525   -98.07891 26.05239     1   525  texas      <NA>
526   -98.10756 26.06958     1   526  texas      <NA>
527   -98.12475 26.06385     1   527  texas      <NA>
528   -98.15913 26.05812     1   528  texas      <NA>
529   -98.17632 26.06958     1   529  texas      <NA>
530   -98.19350 26.07531     1   530  texas      <NA>
531   -98.22216 26.07531     1   531  texas      <NA>
532   -98.28518 26.09823     1   532  texas      <NA>
533   -98.28518 26.12115     1   533  texas      <NA>
534   -98.29664 26.13260     1   534  texas      <NA>
535   -98.30810 26.13260     1   535  texas      <NA>
536   -98.31956 26.12115     1   536  texas      <NA>
537   -98.33102 26.12115     1   537  texas      <NA>
538   -98.34821 26.16698     1   538  texas      <NA>
539   -98.36539 26.16698     1   539  texas      <NA>
540   -98.38831 26.16698     1   540  texas      <NA>
541   -98.40550 26.17271     1   541  texas      <NA>
542   -98.41123 26.19563     1   542  texas      <NA>
543   -98.43415 26.19563     1   543  texas      <NA>
544   -98.45134 26.20136     1   544  texas      <NA>
545   -98.45707 26.22428     1   545  texas      <NA>
546   -98.46853 26.23574     1   546  texas      <NA>
547   -98.49145 26.22428     1   547  texas      <NA>
548   -98.50864 26.22428     1   548  texas      <NA>
549   -98.53728 26.24720     1   549  texas      <NA>
550   -98.56020 26.25293     1   550  texas      <NA>
551   -98.57166 26.24147     1   551  texas      <NA>
552   -98.58312 26.24720     1   552  texas      <NA>
553   -98.59458 26.25866     1   553  texas      <NA>
554   -98.62896 26.25866     1   554  texas      <NA>
555   -98.64042 26.24147     1   555  texas      <NA>
556   -98.66906 26.24720     1   556  texas      <NA>
557   -98.74355 26.31022     1   557  texas      <NA>
558   -98.74928 26.32741     1   558  texas      <NA>
559   -98.77219 26.33887     1   559  texas      <NA>
560   -98.80657 26.35033     1   560  texas      <NA>
561   -98.82949 26.36752     1   561  texas      <NA>
562   -98.86387 26.37325     1   562  texas      <NA>
563   -98.90971 26.36752     1   563  texas      <NA>
564   -98.93262 26.37898     1   564  texas      <NA>
565   -98.96700 26.38471     1   565  texas      <NA>
566   -98.98992 26.40190     1   566  texas      <NA>
567   -99.04722 26.41335     1   567  texas      <NA>
568   -99.07013 26.39617     1   568  texas      <NA>
569   -99.09878 26.40763     1   569  texas      <NA>
570   -99.10451 26.43054     1   570  texas      <NA>
571   -99.09878 26.48211     1   571  texas      <NA>
572   -99.15607 26.55087     1   572  texas      <NA>
573   -99.15607 26.58524     1   573  texas      <NA>
574   -99.17899 26.63108     1   574  texas      <NA>
575   -99.20191 26.65973     1   575  texas      <NA>
576   -99.20764 26.70556     1   576  texas      <NA>
577   -99.27640 26.84880     1   577  texas      <NA>
578   -99.31651 26.86599     1   578  texas      <NA>
579   -99.34515 26.91183     1   579  texas      <NA>
580   -99.37953 26.92329     1   580  texas      <NA>
581   -99.39098 26.94048     1   581  texas      <NA>
582   -99.40245 26.98058     1   582  texas      <NA>
583   -99.42536 27.00350     1   583  texas      <NA>
584   -99.45402 27.03215     1   584  texas      <NA>
585   -99.46547 27.06080     1   585  texas      <NA>
586   -99.44829 27.09517     1   586  texas      <NA>
587   -99.43682 27.12382     1   587  texas      <NA>
588   -99.44256 27.21549     1   588  texas      <NA>
589   -99.44256 27.23841     1   589  texas      <NA>
590   -99.49413 27.27279     1   590  texas      <NA>
591   -99.50558 27.29571     1   591  texas      <NA>
592   -99.53996 27.30717     1   592  texas      <NA>
593   -99.52277 27.34155     1   593  texas      <NA>
594   -99.50558 27.37019     1   594  texas      <NA>
595   -99.51131 27.41030     1   595  texas      <NA>
596   -99.50558 27.45041     1   596  texas      <NA>
597   -99.49986 27.50197     1   597  texas      <NA>
598   -99.53423 27.50770     1   598  texas      <NA>
599   -99.53423 27.54781     1   599  texas      <NA>
600   -99.54569 27.58792     1   600  texas      <NA>
601   -99.63163 27.63948     1   601  texas      <NA>
602   -99.65455 27.62803     1   602  texas      <NA>
603   -99.67747 27.65667     1   603  texas      <NA>
604   -99.71758 27.66240     1   604  texas      <NA>
605   -99.75195 27.69678     1   605  texas      <NA>
606   -99.78633 27.73116     1   606  texas      <NA>
607   -99.79778 27.75980     1   607  texas      <NA>
608   -99.82644 27.76554     1   608  texas      <NA>
609   -99.85509 27.78272     1   609  texas      <NA>
610   -99.87228 27.81710     1   610  texas      <NA>
611   -99.88946 27.86867     1   611  texas      <NA>
612   -99.92957 27.91450     1   612  texas      <NA>
613   -99.93530 27.94888     1   613  texas      <NA>
614   -99.95249 27.96607     1   614  texas      <NA>
615   -99.97540 27.96607     1   615  texas      <NA>
616   -99.99833 27.98326     1   616  texas      <NA>
617  -100.02124 28.03483     1   617  texas      <NA>
618  -100.05562 28.08639     1   618  texas      <NA>
619  -100.08427 28.12650     1   619  texas      <NA>
620  -100.13583 28.14942     1   620  texas      <NA>
621  -100.18167 28.17233     1   621  texas      <NA>
622  -100.19886 28.19525     1   622  texas      <NA>
623  -100.22751 28.22390     1   623  texas      <NA>
624  -100.27335 28.25828     1   624  texas      <NA>
625  -100.29053 28.28693     1   625  texas      <NA>
626  -100.30199 28.31557     1   626  texas      <NA>
627  -100.31918 28.33276     1   627  texas      <NA>
628  -100.32491 28.36714     1   628  texas      <NA>
629  -100.33064 28.40152     1   629  texas      <NA>
630  -100.34209 28.43017     1   630  texas      <NA>
631  -100.37074 28.45308     1   631  texas      <NA>
632  -100.37647 28.47027     1   632  texas      <NA>
633  -100.36502 28.49319     1   633  texas      <NA>
634  -100.37074 28.51038     1   634  texas      <NA>
635  -100.39940 28.52184     1   635  texas      <NA>
636  -100.42231 28.53903     1   636  texas      <NA>
637  -100.42804 28.56768     1   637  texas      <NA>
638  -100.42231 28.58486     1   638  texas      <NA>
639  -100.43950 28.59060     1   639  texas      <NA>
640  -100.45669 28.60778     1   640  texas      <NA>
641  -100.46815 28.64216     1   641  texas      <NA>
642  -100.50826 28.65362     1   642  texas      <NA>
643  -100.52544 28.68227     1   643  texas      <NA>
644  -100.52544 28.72237     1   644  texas      <NA>
645  -100.55982 28.80259     1   645  texas      <NA>
646  -100.58274 28.81405     1   646  texas      <NA>
647  -100.59420 28.85415     1   647  texas      <NA>
648  -100.58847 28.88280     1   648  texas      <NA>
649  -100.62285 28.88853     1   649  texas      <NA>
650  -100.64577 28.91145     1   650  texas      <NA>
651  -100.66295 28.95729     1   651  texas      <NA>
652  -100.68587 29.05469     1   652  texas      <NA>
653  -100.69160 29.07188     1   653  texas      <NA>
654  -100.71452 29.11771     1   654  texas      <NA>
655  -100.76036 29.15209     1   655  texas      <NA>
656  -100.78900 29.17501     1   656  texas      <NA>
657  -100.80620 29.22085     1   657  texas      <NA>
658  -100.80620 29.24376     1   658  texas      <NA>
659  -100.83484 29.25522     1   659  texas      <NA>
660  -100.86922 29.27814     1   660  texas      <NA>
661  -100.90360 29.30679     1   661  texas      <NA>
662  -100.96089 29.33544     1   662  texas      <NA>
663  -101.02392 29.36409     1   663  texas      <NA>
664  -101.05257 29.44430     1   664  texas      <NA>
665  -101.07549 29.45003     1   665  texas      <NA>
666  -101.10413 29.47295     1   666  texas      <NA>
667  -101.15569 29.47868     1   667  texas      <NA>
668  -101.20153 29.50733     1   668  texas      <NA>
669  -101.24164 29.50733     1   669  texas      <NA>
670  -101.25310 29.53597     1   670  texas      <NA>
671  -101.23591 29.55316     1   671  texas      <NA>
672  -101.23019 29.59327     1   672  texas      <NA>
673  -101.24737 29.61046     1   673  texas      <NA>
674  -101.26456 29.61619     1   674  texas      <NA>
675  -101.27029 29.59327     1   675  texas      <NA>
676  -101.28175 29.57035     1   676  texas      <NA>
677  -101.30467 29.56462     1   677  texas      <NA>
678  -101.31613 29.58181     1   678  texas      <NA>
679  -101.30467 29.62192     1   679  texas      <NA>
680  -101.30467 29.64484     1   680  texas      <NA>
681  -101.32185 29.63338     1   681  texas      <NA>
682  -101.35051 29.63911     1   682  texas      <NA>
683  -101.36196 29.65056     1   683  texas      <NA>
684  -101.39061 29.74224     1   684  texas      <NA>
685  -101.40780 29.74224     1   685  texas      <NA>
686  -101.43645 29.73078     1   686  texas      <NA>
687  -101.45937 29.73651     1   687  texas      <NA>
688  -101.46510 29.76516     1   688  texas      <NA>
689  -101.51666 29.75943     1   689  texas      <NA>
690  -101.53958 29.75943     1   690  texas      <NA>
691  -101.53385 29.78235     1   691  texas      <NA>
692  -101.55104 29.79380     1   692  texas      <NA>
693  -101.57969 29.77662     1   693  texas      <NA>
694  -101.61406 29.75370     1   694  texas      <NA>
695  -101.65990 29.75370     1   695  texas      <NA>
696  -101.72866 29.75943     1   696  texas      <NA>
697  -101.75157 29.76516     1   697  texas      <NA>
698  -101.79741 29.78235     1   698  texas      <NA>
699  -101.82033 29.78235     1   699  texas      <NA>
700  -101.93492 29.76516     1   700  texas      <NA>
701  -101.96357 29.80527     1   701  texas      <NA>
702  -102.04951 29.77662     1   702  texas      <NA>
703  -102.22141 29.83964     1   703  texas      <NA>
704  -102.27296 29.86256     1   704  texas      <NA>
705  -102.32453 29.86829     1   705  texas      <NA>
706  -102.36464 29.85110     1   706  texas      <NA>
707  -102.38183 29.76516     1   707  texas      <NA>
708  -102.39902 29.75370     1   708  texas      <NA>
709  -102.46204 29.75943     1   709  texas      <NA>
710  -102.50215 29.78235     1   710  texas      <NA>
711  -102.52507 29.75370     1   711  texas      <NA>
712  -102.54799 29.74224     1   712  texas      <NA>
713  -102.57664 29.75943     1   713  texas      <NA>
714  -102.62247 29.73651     1   714  texas      <NA>
715  -102.65112 29.73651     1   715  texas      <NA>
716  -102.67404 29.73651     1   716  texas      <NA>
717  -102.70842 29.66203     1   717  texas      <NA>
718  -102.74279 29.63338     1   718  texas      <NA>
719  -102.74279 29.59327     1   719  texas      <NA>
720  -102.76571 29.60473     1   720  texas      <NA>
721  -102.77144 29.57608     1   721  texas      <NA>
722  -102.78290 29.53597     1   722  texas      <NA>
723  -102.81155 29.52451     1   723  texas      <NA>
724  -102.81155 29.47868     1   724  texas      <NA>
725  -102.82874 29.45003     1   725  texas      <NA>
726  -102.82874 29.41566     1   726  texas      <NA>
727  -102.83447 29.36409     1   727  texas      <NA>
728  -102.88030 29.34690     1   728  texas      <NA>
729  -102.89749 29.29533     1   729  texas      <NA>
730  -102.90322 29.26668     1   730  texas      <NA>
731  -102.88030 29.21512     1   731  texas      <NA>
732  -102.90895 29.21512     1   732  texas      <NA>
733  -102.93760 29.18647     1   733  texas      <NA>
734  -102.98917 29.16928     1   734  texas      <NA>
735  -103.01208 29.16355     1   735  texas      <NA>
736  -103.03500 29.11198     1   736  texas      <NA>
737  -103.07511 29.08907     1   737  texas      <NA>
738  -103.10375 29.04896     1   738  texas      <NA>
739  -103.11522 28.99166     1   739  texas      <NA>
740  -103.13240 28.97448     1   740  texas      <NA>
741  -103.16106 28.98594     1   741  texas      <NA>
742  -103.19543 28.98594     1   742  texas      <NA>
743  -103.25845 28.97448     1   743  texas      <NA>
744  -103.28710 28.97448     1   744  texas      <NA>
745  -103.33867 29.03750     1   745  texas      <NA>
746  -103.35013 29.03750     1   746  texas      <NA>
747  -103.37305 29.01458     1   747  texas      <NA>
748  -103.39024 29.01458     1   748  texas      <NA>
749  -103.44180 29.05469     1   749  texas      <NA>
750  -103.47044 29.06042     1   750  texas      <NA>
751  -103.49337 29.12345     1   751  texas      <NA>
752  -103.54493 29.14063     1   752  texas      <NA>
753  -103.57359 29.15209     1   753  texas      <NA>
754  -103.64233 29.15209     1   754  texas      <NA>
755  -103.69963 29.16355     1   755  texas      <NA>
756  -103.73974 29.19793     1   756  texas      <NA>
757  -103.75693 29.21512     1   757  texas      <NA>
758  -103.79131 29.21512     1   758  texas      <NA>
759  -103.77412 29.24376     1   759  texas      <NA>
760  -103.79704 29.26095     1   760  texas      <NA>
761  -103.84860 29.27242     1   761  texas      <NA>
762  -103.91735 29.27814     1   762  texas      <NA>
763  -104.00903 29.29533     1   763  texas      <NA>
764  -104.07778 29.34117     1   764  texas      <NA>
765  -104.14654 29.38128     1   765  texas      <NA>
766  -104.18665 29.39847     1   766  texas      <NA>
767  -104.22102 29.45003     1   767  texas      <NA>
768  -104.23821 29.47868     1   768  texas      <NA>
769  -104.28404 29.50733     1   769  texas      <NA>
770  -104.34708 29.51879     1   770  texas      <NA>
771  -104.38145 29.53024     1   771  texas      <NA>
772  -104.43302 29.58754     1   772  texas      <NA>
773  -104.47313 29.59327     1   773  texas      <NA>
774  -104.51323 29.62765     1   774  texas      <NA>
775  -104.53615 29.65056     1   775  texas      <NA>
776  -104.57626 29.78235     1   776  texas      <NA>
777  -104.61063 29.79380     1   777  texas      <NA>
778  -104.63928 29.86256     1   778  texas      <NA>
779  -104.67366 29.90840     1   779  texas      <NA>
780  -104.69658 29.99434     1   780  texas      <NA>
781  -104.69658 30.08028     1   781  texas      <NA>
782  -104.68512 30.14331     1   782  texas      <NA>
783  -104.70231 30.21206     1   783  texas      <NA>
784  -104.73668 30.25217     1   784  texas      <NA>
785  -104.81689 30.36103     1   785  texas      <NA>
786  -104.85128 30.37249     1   786  texas      <NA>
787  -104.85128 30.40114     1   787  texas      <NA>
788  -104.86846 30.48709     1   788  texas      <NA>
789  -104.88566 30.55011     1   789  texas      <NA>
790  -104.94295 30.58449     1   790  texas      <NA>
791  -104.97160 30.61314     1   791  texas      <NA>
792  -104.99451 30.65324     1   792  texas      <NA>
793  -105.01743 30.66470     1   793  texas      <NA>
794  -105.06900 30.67616     1   794  texas      <NA>
795  -105.11484 30.71627     1   795  texas      <NA>
796  -105.16640 30.75064     1   796  texas      <NA>
797  -105.22370 30.77929     1   797  texas      <NA>
798  -105.28672 30.79648     1   798  texas      <NA>
799  -105.38986 30.84805     1   799  texas      <NA>
800  -105.47580 30.91680     1   800  texas      <NA>
801  -105.54456 30.96837     1   801  texas      <NA>
802  -105.57893 31.01994     1   802  texas      <NA>
803  -105.59612 31.06577     1   803  texas      <NA>
804  -105.68779 31.12880     1   804  texas      <NA>
805  -105.76228 31.15171     1   805  texas      <NA>
806  -105.80239 31.19182     1   806  texas      <NA>
807  -105.87114 31.26631     1   807  texas      <NA>
808  -105.92271 31.30068     1   808  texas      <NA>
809  -105.95708 31.34652     1   809  texas      <NA>
810  -105.99719 31.38090     1   810  texas      <NA>
811  -106.02584 31.38090     1   811  texas      <NA>
812  -106.08314 31.38090     1   812  texas      <NA>
813  -106.11752 31.40955     1   813  texas      <NA>
814  -106.16335 31.43819     1   814  texas      <NA>
815  -106.21492 31.46111     1   815  texas      <NA>
816  -106.23783 31.51268     1   816  texas      <NA>
817  -106.28367 31.55852     1   817  texas      <NA>
818  -106.31232 31.61008     1   818  texas      <NA>
819  -106.34097 31.67311     1   819  texas      <NA>
820  -106.39253 31.74759     1   820  texas      <NA>
821  -106.47275 31.74186     1   821  texas      <NA>
822  -106.51286 31.75332     1   822  texas      <NA>
823  -106.54723 31.78197     1   823  texas      <NA>
824  -106.59879 31.82208     1   824  texas      <NA>
825  -106.63890 31.86791     1   825  texas      <NA>
826  -106.64463 31.90229     1   826  texas      <NA>
827  -106.63890 31.94813     1   827  texas      <NA>
828  -106.65037 31.98250     1   828  texas      <NA>
829  -106.62744 31.99396     1   829  texas      <NA>
830  -106.46129 31.99396     1   830  texas      <NA>
831  -106.38680 31.98824     1   831  texas      <NA>
832  -105.99719 31.99396     1   832  texas      <NA>
833  -104.91430 31.98824     1   833  texas      <NA>
834  -104.84555 31.99396     1   834  texas      <NA>
835  -104.01476 31.99396     1   835  texas      <NA>
836  -103.96319 31.99396     1   836  texas      <NA>
837  -103.71682 31.99396     1   837  texas      <NA>
838  -103.36159 31.99396     1   838  texas      <NA>
839  -103.07511 31.99396     1   839  texas      <NA>
840  -103.07511 32.07418     1   840  texas      <NA>
841  -103.07511 32.50962     1   841  texas      <NA>
842  -103.06938 32.94507     1   842  texas      <NA>
843  -103.06364 33.38625     1   843  texas      <NA>
844  -103.06364 33.55241     1   844  texas      <NA>
845  -103.05791 33.82170     1   845  texas      <NA>
846  -103.05219 34.29725     1   846  texas      <NA>
847  -103.05219 34.31444     1   847  texas      <NA>
848  -103.04646 34.73270     1   848  texas      <NA>
849  -103.04646 34.93896     1   849  texas      <NA>
850  -103.04646 35.17388     1   850  texas      <NA>
851  -103.04646 35.60933     1   851  texas      <NA>
852  -103.04646 35.72965     1   852  texas      <NA>
853  -103.04646 36.04478     1   853  texas      <NA>
854  -103.04646 36.48022     1   854  texas      <NA>
855  -103.00063 36.48022     1   855  texas      <NA>
856  -102.15837 36.49168     1   856  texas      <NA>
857  -102.01514 36.49168     1   857  texas      <NA>
858  -101.62553 36.49168     1   858  texas      <NA>
859  -101.07549 36.48595     1   859  texas      <NA>
860  -100.94371 36.49168     1   860  texas      <NA>
861  -100.54263 36.49168     1   861  texas      <NA>
862  -100.00405 36.49168     1   862  texas      <NA>
863  -100.00405 36.04478     1   863  texas      <NA>
864  -100.00405 35.87862     1   864  texas      <NA>
865  -100.00978 35.61506     1   865  texas      <NA>
866  -100.00405 35.41452     1   866  texas      <NA>
867  -100.00978 35.17961     1   867  texas      <NA>
868  -100.00405 35.03064     1   868  texas      <NA>
869  -100.00405 34.74989     1   869  texas      <NA>
870   -99.99833 34.56081     1   870  texas      <NA>
871   -99.98687 34.56081     1   871  texas      <NA>
872   -99.94676 34.56081     1   872  texas      <NA>
873   -99.91811 34.56081     1   873  texas      <NA>
874   -99.88946 34.54935     1   874  texas      <NA>
875   -99.84936 34.52071     1   875  texas      <NA>
876   -99.82071 34.50352     1   876  texas      <NA>
877   -99.80925 34.47487     1   877  texas      <NA>
878   -99.75768 34.43476     1   878  texas      <NA>
879   -99.71758 34.38893     1   879  texas      <NA>
880   -99.68893 34.37747     1   880  texas      <NA>
881   -99.66028 34.38320     1   881  texas      <NA>
882   -99.60871 34.37174     1   882  texas      <NA>
883   -99.59152 34.37747     1   883  texas      <NA>
884   -99.57433 34.41185     1   884  texas      <NA>
885   -99.56287 34.41758     1   885  texas      <NA>
886   -99.49986 34.41758     1   886  texas      <NA>
887   -99.47120 34.41185     1   887  texas      <NA>
888   -99.43109 34.37747     1   888  texas      <NA>
889   -99.40818 34.37747     1   889  texas      <NA>
890   -99.39098 34.40038     1   890  texas      <NA>
891   -99.38525 34.44049     1   891  texas      <NA>
892   -99.37380 34.44622     1   892  texas      <NA>
893   -99.35661 34.45768     1   893  texas      <NA>
894   -99.33369 34.44622     1   894  texas      <NA>
895   -99.31651 34.42330     1   895  texas      <NA>
896   -99.29359 34.41185     1   896  texas      <NA>
897   -99.26494 34.40038     1   897  texas      <NA>
898   -99.23629 34.36601     1   898  texas      <NA>
899   -99.21337 34.34309     1   899  texas      <NA>
900   -99.19045 34.34309     1   900  texas      <NA>
901   -99.19045 34.30871     1   901  texas      <NA>
902   -99.20191 34.24569     1   902  texas      <NA>
903   -99.19045 34.22277     1   903  texas      <NA>
904   -99.16180 34.21131     1   904  texas      <NA>
905   -99.09306 34.20558     1   905  texas      <NA>
906   -99.04149 34.20558     1   906  texas      <NA>
907   -99.01283 34.21131     1   907  texas      <NA>
908   -98.98418 34.22277     1   908  texas      <NA>
909   -98.94981 34.21131     1   909  texas      <NA>
910   -98.92117 34.18266     1   910  texas      <NA>
911   -98.88106 34.16547     1   911  texas      <NA>
912   -98.83522 34.15401     1   912  texas      <NA>
913   -98.80084 34.15401     1   913  texas      <NA>
914   -98.76646 34.14828     1   914  texas      <NA>
915   -98.74928 34.13110     1   915  texas      <NA>
916   -98.72063 34.13683     1   916  texas      <NA>
917   -98.69198 34.15401     1   917  texas      <NA>
918   -98.65760 34.15401     1   918  texas      <NA>
919   -98.62896 34.15401     1   919  texas      <NA>
920   -98.60603 34.17693     1   920  texas      <NA>
921   -98.57738 34.15401     1   921  texas      <NA>
922   -98.55447 34.14256     1   922  texas      <NA>
923   -98.53728 34.09672     1   923  texas      <NA>
924   -98.50864 34.07380     1   924  texas      <NA>
925   -98.48571 34.06234     1   925  texas      <NA>
926   -98.44561 34.06807     1   926  texas      <NA>
927   -98.42269 34.08526     1   927  texas      <NA>
928   -98.41123 34.08526     1   928  texas      <NA>
929   -98.39404 34.14256     1   929  texas      <NA>
930   -98.38258 34.15401     1   930  texas      <NA>
931   -98.35394 34.16547     1   931  texas      <NA>
932   -98.32529 34.15401     1   932  texas      <NA>
933   -98.27945 34.12537     1   933  texas      <NA>
934   -98.21069 34.11964     1   934  texas      <NA>
935   -98.18205 34.11964     1   935  texas      <NA>
936   -98.15913 34.13110     1   936  texas      <NA>
937   -98.13049 34.15401     1   937  texas      <NA>
938   -98.11329 34.14828     1   938  texas      <NA>
939   -98.09038 34.13683     1   939  texas      <NA>
940   -98.08465 34.11964     1   940  texas      <NA>
941   -98.10184 34.08526     1   941  texas      <NA>
942   -98.09611 34.03942     1   942  texas      <NA>
943   -98.07318 34.01077     1   943  texas      <NA>
944   -98.04454 33.99932     1   944  texas      <NA>
945   -97.99870 34.01077     1   945  texas      <NA>
946   -97.96432 33.99358     1   946  texas      <NA>
947   -97.94714 33.98213     1   947  texas      <NA>
948   -97.96432 33.95348     1   948  texas      <NA>
949   -97.97578 33.91910     1   949  texas      <NA>
950   -97.97578 33.91337     1   950  texas      <NA>
951   -97.95287 33.86753     1   951  texas      <NA>
952   -97.90703 33.85035     1   952  texas      <NA>
953   -97.88411 33.83889     1   953  texas      <NA>
954   -97.86119 33.83889     1   954  texas      <NA>
955   -97.83254 33.86180     1   955  texas      <NA>
956   -97.80389 33.89618     1   956  texas      <NA>
957   -97.78098 33.92483     1   957  texas      <NA>
958   -97.76379 33.94202     1   958  texas      <NA>
959   -97.73515 33.95348     1   959  texas      <NA>
960   -97.71795 33.97640     1   960  texas      <NA>
961   -97.69504 33.98213     1   961  texas      <NA>
962   -97.65492 33.98213     1   962  texas      <NA>
963   -97.62054 33.97640     1   963  texas      <NA>
964   -97.59763 33.94202     1   964  texas      <NA>
965   -97.58617 33.90764     1   965  texas      <NA>
966   -97.56326 33.90191     1   966  texas      <NA>
967   -97.54607 33.92483     1   967  texas      <NA>
968   -97.51742 33.91337     1   968  texas      <NA>
969   -97.48877 33.91337     1   969  texas      <NA>
970   -97.46585 33.87899     1   970  texas      <NA>
971   -97.45439 33.83316     1   971  texas      <NA>
972   -97.42574 33.81024     1   972  texas      <NA>
973   -97.39137 33.79878     1   973  texas      <NA>
974   -97.32834 33.86753     1   974  texas      <NA>
975   -97.30542 33.86180     1   975  texas      <NA>
976   -97.27678 33.86180     1   976  texas      <NA>
977   -97.25958 33.90191     1   977  texas      <NA>
978   -97.23667 33.91337     1   978  texas      <NA>
979   -97.20802 33.90191     1   979  texas      <NA>
980   -97.18510 33.86753     1   980  texas      <NA>
981   -97.17364 33.84462     1   981  texas      <NA>
982   -97.19083 33.82170     1   982  texas      <NA>
983   -97.21375 33.79305     1   983  texas      <NA>
984   -97.19656 33.75294     1   984  texas      <NA>
985   -97.16791 33.71857     1   985  texas      <NA>
986   -97.13927 33.71284     1   986  texas      <NA>
987   -97.11062 33.72430     1   987  texas      <NA>
988   -97.09916 33.75294     1   988  texas      <NA>
989   -97.09916 33.79878     1   989  texas      <NA>
990   -97.08196 33.81024     1   990  texas      <NA>
991   -97.11062 33.82743     1   991  texas      <NA>
992   -97.11062 33.85035     1   992  texas      <NA>
993   -97.08770 33.85608     1   993  texas      <NA>
994   -97.05905 33.84462     1   994  texas      <NA>
995   -97.03613 33.83316     1   995  texas      <NA>
996   -96.97884 33.88472     1   996  texas      <NA>
997   -96.99030 33.95348     1   997  texas      <NA>
998   -96.94446 33.95348     1   998  texas      <NA>
999   -96.91581 33.96494     1   999  texas      <NA>
1000  -96.89289 33.94775     1  1000  texas      <NA>
1001  -96.88143 33.85608     1  1001  texas      <NA>
1002  -96.86425 33.84462     1  1002  texas      <NA>
1003  -96.84132 33.86180     1  1003  texas      <NA>
1004  -96.80122 33.86180     1  1004  texas      <NA>
1005  -96.76684 33.83316     1  1005  texas      <NA>
1006  -96.73820 33.82170     1  1006  texas      <NA>
1007  -96.71527 33.83316     1  1007  texas      <NA>
1008  -96.69236 33.88472     1  1008  texas      <NA>
1009  -96.66943 33.91337     1  1009  texas      <NA>
1010  -96.64079 33.90764     1  1010  texas      <NA>
1011  -96.63506 33.88472     1  1011  texas      <NA>
1012  -96.61214 33.88472     1  1012  texas      <NA>
1013  -96.59496 33.89045     1  1013  texas      <NA>
1014  -96.58923 33.86753     1  1014  texas      <NA>
1015  -96.61214 33.85035     1  1015  texas      <NA>
1016  -96.63506 33.84462     1  1016  texas      <NA>
1017  -96.62360 33.82170     1  1017  texas      <NA>
1018  -96.54339 33.81024     1  1018  texas      <NA>
1019  -96.52620 33.78732     1  1019  texas      <NA>
1020  -96.51474 33.76440     1  1020  texas      <NA>
1021  -96.48036 33.76440     1  1021  texas      <NA>
1022  -96.45745 33.77013     1  1022  texas      <NA>
1023  -96.42307 33.74722     1  1023  texas      <NA>
1024  -96.38869 33.72430     1  1024  texas      <NA>
1025  -96.36578 33.69565     1  1025  texas      <NA>
1026  -96.33712 33.69565     1  1026  texas      <NA>
1027  -96.31420 33.74149     1  1027  texas      <NA>
1028  -96.29129 33.74722     1  1028  texas      <NA>
1029  -96.26263 33.75294     1  1029  texas      <NA>
1030  -96.23399 33.75294     1  1030  texas      <NA>
1031  -96.21107 33.75294     1  1031  texas      <NA>
1032  -96.18816 33.77013     1  1032  texas      <NA>
1033  -96.15378 33.82170     1  1033  texas      <NA>
1034  -96.11367 33.83316     1  1034  texas      <NA>
1035  -96.06783 33.85608     1  1035  texas      <NA>
1036  -95.99908 33.85035     1  1036  texas      <NA>
1037  -95.98189 33.83889     1  1037  texas      <NA>
1038  -95.96471 33.86753     1  1038  texas      <NA>
1039  -95.91887 33.86753     1  1039  texas      <NA>
1040  -95.86156 33.86753     1  1040  texas      <NA>
1041  -95.82719 33.86753     1  1041  texas      <NA>
1042  -95.78709 33.86753     1  1042  texas      <NA>
1043  -95.79282 33.89618     1  1043  texas      <NA>
1044  -95.78136 33.91337     1  1044  texas      <NA>
1045  -95.74698 33.90764     1  1045  texas      <NA>
1046  -95.72979 33.91910     1  1046  texas      <NA>
1047  -95.70114 33.90764     1  1047  texas      <NA>
1048  -95.66103 33.92483     1  1048  texas      <NA>
1049  -95.62093 33.95921     1  1049  texas      <NA>
1050  -95.58655 33.95921     1  1050  texas      <NA>
1051  -95.56363 33.95348     1  1051  texas      <NA>
1052  -95.55218 33.91337     1  1052  texas      <NA>
1053  -95.52925 33.89618     1  1053  texas      <NA>
1054  -95.48341 33.90191     1  1054  texas      <NA>
1055  -95.43758 33.89045     1  1055  texas      <NA>
1056  -95.40320 33.88472     1  1056  texas      <NA>
1057  -95.36883 33.90191     1  1057  texas      <NA>
1058  -95.32299 33.91337     1  1058  texas      <NA>
1059  -95.30007 33.90764     1  1059  texas      <NA>
1060  -95.28288 33.91337     1  1060  texas      <NA>
1061  -95.26569 33.95921     1  1061  texas      <NA>
1062  -95.24277 33.98213     1  1062  texas      <NA>
1063  -95.16256 33.97640     1  1063  texas      <NA>
1064  -95.14537 33.96494     1  1064  texas      <NA>
1065  -95.11099 33.94202     1  1065  texas      <NA>
1066  -95.09381 33.91910     1  1066  texas      <NA>
1067  -95.07088 33.89618     1  1067  texas      <NA>
1068  -95.03078 33.88472     1  1068  texas      <NA>
1069  -94.99067 33.89045     1  1069  texas      <NA>
1070  -94.96776 33.87899     1  1070  texas      <NA>
1071  -94.95630 33.85035     1  1071  texas      <NA>
1072  -94.89899 33.79305     1  1072  texas      <NA>
1073  -94.86462 33.77586     1  1073  texas      <NA>
1074  -94.83025 33.77586     1  1074  texas      <NA>
1075  -94.79587 33.77586     1  1075  texas      <NA>
1076  -94.78441 33.75294     1  1076  texas      <NA>
1077  -94.75003 33.74722     1  1077  texas      <NA>
1078  -94.73284 33.73003     1  1078  texas      <NA>
1079  -94.71565 33.73576     1  1079  texas      <NA>
1080  -94.69846 33.71857     1  1080  texas      <NA>
1081  -94.68127 33.73003     1  1081  texas      <NA>
1082  -94.66409 33.72430     1  1082  texas      <NA>
1083  -94.66409 33.69565     1  1083  texas      <NA>
1084  -94.64690 33.69565     1  1084  texas      <NA>
1085  -94.62398 33.70711     1  1085  texas      <NA>
1086  -94.57814 33.68992     1  1086  texas      <NA>
1087  -94.54950 33.66127     1  1087  texas      <NA>
1088  -94.49792 33.66700     1  1088  texas      <NA>
